0.314181838184595
0.454294931143522
0.54811868412058
0.3919346723839
0.0139226075261831
0.104752825573087
18.6843287487677
4.6411868527811
2.03098759055138
16.6934923928344
16.8473611612967
1.42866883426905
0.953451387584209
2.40740142762661
2.92063358126414
3.62433706952219
0.758136503398418
1.31573680788279
0.808284025130584
4.0144904514957
1.1611323133111
6.78619978493163
6.64580827917824
1.90588705427945
5.59498311891572
1.68850996904075
2.24306740611792
5.84775520381314
0.884458767102612
11.7979431145622
0.583073138976047
8.76650328192691
0.692902838811278
2.47992195375264
1.78498433823807
0.862333007526002
6.68106608059178
0.0620825160294771
8.03311110999356
0.0246172067616786
24.7338857041267
3.53916592879181
0.0896317679435015
1.10671885311604
1.47923160716891
3.25248904881959
3.78796973062639
15.6040441608968
16.7438467864458
2.9732050335217
5.83697961094616
3.48173701746349
1.39439240303252
0.573785643571327
0.630406575277448
3.2093904314745
4.65910693613773
3.37136090157514
0.77074190787971
1.5674898866564
11.9835605316593
2.77957502378309
2.77094217948616
0.818125595785942
0.79356680624187
2.74279789999127
5.18728660775309
4.69659579528456
1.77576774172485
0.316338476284391
1.66687415726483
5.84842819686899
0.3486282549074
3.43337578682189
1.96958960406482
3.17213957566791
0.875366050750017
0.0120733324438334
2.56866876780987
3.63420922842843
7.91969773139725
7.48988071795473
3.54889444990044
15.5324422336164
6.20685333724985
0.170252347365022
3.54770842757013
0.0506330102364136
1.7481779512018
4.15475749207621
10.7998172710265
0.493263205513358
11.3228340449444
1.24017267271594
2.5251460429281
9.6485190162982
4.15250068886166
11.159043212546
13.8863329552688
8.34256287613764
9.29879987934485
3.12206158397679
10.1980545590247
0.693203519088013
0.178631607083439
4.50996129959161
1.20907605066895
2.68018412403762
2.67794774472713
3.12136445922737
4.42517048051089
2.14818384312093
0.379739107564092
5.99441415782938
4.5780393963862
5.8640018549181
1.80332831852138
2.74427778460085
3.15602639513609
0.734793855045285
13.4646351330711
1.80262014456093
3.971041098069
2.90148610232358
0.0808899365365505
0.35923339004574
0.756152955815196
5.24480471370702
0.924460021778941
13.2476465397312
6.66368620241847
1.91020439937711
3.5900389550436
8.5727366988195
0.308706698939204
1.38162952102721
2.74558644741774
9.09649128091967
6.75079312141905
1.4857191182673
9.65137989023581
1.82718219608068
5.59693657573233
0.83532683737576
2.83687470367856
6.87925244035241
1.94286165758967
7.39574993989269
2.96675965918188
7.63316862996588
4.71550580469852
1.56691305280615
12.2242272787525
3.00131195053215
4.8728037959147
4.9595480969358
8.435913927349
0.940534265711904
6.81886875595818
0.233268151013526
3.23103183555111
1.59785127483391
2.31721870414913
1.88077643327415
0.411236625353252
2.12788229994476
1.94989714585245
3.06749747698605
4.18495414016729
4.53966599686031
2.18504570797086
5.04338864965325
5.16262336431031
0.83390985801816
8.47378917733088
5.91291046854029
0.930105172097683
0.401756251230836
0.802567824721336
3.69174532575493
7.18233077194462
1.17338059283793
5.79029224463404
2.94073055218366
0.624685484742934
3.36504336971964
0.113256070762873
18.055976476068
8.02362654324541
2.0947697814554
5.50251735730057
0.774230843409896
1.53557155387108
1.91964554600418
0.112907502800226
3.54122824577575
1.31878275051713
0.137226540595293
3.01619716250308
8.56099372462895
